ProductID= 2511545171
OTSProductID= R2F01JAN2025071113010900054SSANSTUC00GTDD
SatID= IRS-R2
Sensor= L4FX
SubScene= D
GenAgency= NRSC
Path= 109
Row= 054
SegmentNumber= 
SessionNumber= 1
StripNumber= 
SceneNumber= 
DateOfPass= 01-JAN-2025
NoOfBands= 3
BandNumbers= 234
PassType= PLD
DateOfDump= 01-JAN-2025
DumpingOrbitNo= 071113
ImagingOrbitNo= 071113
BytesPerPixel= 2
BitsPerPixel= 10
GenerationDateTime= 07-JAN-2025 19:53:25
ProdCode= STUC00GTD
ProdType= GEOREF
InputResolutionAlong=   5.80
InputResolutionAcross=   5.80
OutputResolutionAlong=   5.00
OutputResolutionAcross=   5.00
Season= JAN
ImageFormat= GEOTIFF
ProcessingLevel= STD
ResampCode= CC
NoScans= 16085
NoPixels= 18486
StartPixel= 0
MapProjection= UTM
Ellipsoid= WGS_84
Datum= WGS84
MapOriginLat=   0.000000
MapOriginLon=  93.000000
ProdULLat=  25.024063
ProdULLon=  89.989761
ProdURLat=  25.039793
ProdURLon=  90.904996
ProdLRLat=  24.313966
ProdLRLon=  90.917093
ProdLLLat=  24.298751
ProdLLLon=  90.007126
ImageULLat= 25.028053
ImageULLon= 90.193534
ImageURLat= 25.039772
ImageURLon= 90.904999
ImageLRLat= 24.311048
ImageLRLon= 90.714317
ImageLLLat= 24.298772
ImageLLLon= 90.007109
ProdULMapX= 196206.443084
ProdULMapY= 2770990.000000
ProdURMapX= 288631.443084
ProdURMapY= 2770990.000000
ProdLRMapX= 288631.443084
ProdLRMapY= 2690570.000000
ProdLLMapX= 196206.443084
ProdLLMapY= 2690570.000000
SceneCenterLat=  24.669845
SceneCenterLon=  90.454721
StandardParallel1=
StandardParallel2=
FalseEasting= 500000.000000
FalseNorthing=   0.000000
ZoneNo= 46
SceneCenterTime= 01-JAN-2025 04:00:00.784955
SceneCenterRoll=  -0.057319
SceneCenterPitch=   0.062925
SceneCenterYaw=   2.621944
SunAziumthAtCenter= 145.799368
SunElevationAtCenter=  33.944899
ImageHeadingAngle= 194.180551
IncidenceAngle=   0.000000
SatelliteAltitude= 823.192483
Tiltangle=  2.600494
DEMCorrection=YES
SourceOfOrbit= 2
SourceOfAttitude= 1
ImagingDirection= D
B2Temp=  18.3700
B3Temp=  17.4800
B4Temp=  18.8200
B2_Lmin=   0.0000
B3_Lmin=   0.0000
B4_Lmin=   0.0000
B2_Lmax=  52.0000
B3_Lmax=  47.0000
B4_Lmax=  31.5000
B2SaturationRadiance=  47.5614
B3SaturationRadiance=  45.6990
B4SaturationRadiance=  31.5000
Quality= 
CloudPercent= 
AcrossTrackAccuracy= 0.0
AlongTrackAccuracy= 0.0
Shift%= 0
SatelliteHeadingAngle= 194.180551
SceneStartTime= 01-JAN-2025 03:59:54.304230772
SceneEndTime= 01-JAN-2025 04:00:04.843543942
ProductSceneStartTime= 01-JAN-2025 03:59:53.721500
ProductSceneEndTime= 01-JAN-2025 04:00:07.848410
GhostCorrection= FALSE
JpegNoColumns= 512
JpegNoRows= 588
